b=0.5;
k=2.5;